4294967279,120
4294967279,119
4294967279,118
4294967279,117
4294967279,116
4294967279,115
4294967279,114
4294967279,113
4294967279,112
4294967279,111
4294967279,110
4294967279,109
4294967279,108
4294967279,107
4294967279,106
4294967279,105
4294967279,104
4294967279,103
4294967279,102
4294967278,46
4294967278,44
4294967278,42
4294967278,40
4294967278,39
4294967278,38
4294967278,37
4294967278,34
4294967278,31
4294967278,30
4294967278,29
4294967278,28
4294967278,27
4294967278,26
4294967278,25
4294967278,24
4294967278,23
4294967278,289
4294967278,22
4294967278,21
4294967278,20
4294967278,19
4294967278,18
4294967278,286
4294967278,17
4294967278,272
4294967278,16
4294967278,283
4294967278,15
4294967278,271
4294967278,14
4294967278,356
4294967278,13
4294967278,282
4294967278,12
4294967278,266
4294967278,11
4294967278,367
4294967278,10
4294967278,280
4294967278,9
4294967278,8
4294967278,7
4294967278,6
4294967278,5
4294967278,4
4294967279,132
4294967279,131
4294967279,130
4294967279,129
4294967279,128
4294967279,127
4294967279,126
4294967279,125
4294967279,124
4294967279,123
4294967279,122
4294967279,121
4294967278,206
4294967278,263
4294967278,201
4294967279,198
4294967279,196
4294967278,195
4294967279,195
4294967278,194
4294967279,194
4294967278,193
4294967279,193
4294967278,192
4294967279,192
4294967279,191
4294967279,190
4294967279,189
4294967279,188
4294967278,187
4294967279,187
4294967279,186
4294967279,185
4294967279,184
4294967278,183
4294967279,183
124,4
124,3
124,2
124,1
4294967279,534
4294967294,1418
4294967279,181
4294967278,179
4294967279,179
123,4
4294967278,178
123,3
123,2
123,1
4294967279,178
4294967279,177
122,4
4294967279,175
122,3
122,2
122,1
4294967278,173
4294967279,173
4294967278,172
4294967279,170
4294967278,171
4294967278,358
4294967279,543
4294967279,323
4294967278,170
121,6
4294967278,167
4294967279,299
4294967279,168
121,5
4294967278,166
4294967279,166
4294967278,165
121,4
4294967279,165
121,3
121,2
121,1
4294967278,164
4294967279,164
4294967278,163
4294967279,161
4294967278,162
4294967278,161
120,5
4294967278,45
4294967279,160
4294967278,159
4294967279,159
120,4
4294967278,158
120,3
120,2
120,1
4294967278,302
4294967279,158
4294967278,157
4294967279,157
4294967279,293
4294967278,36
4294967278,43
4294967278,300
4294967279,292
4294967278,41
4294967278,299
4294967279,290
4294967278,152
4294967279,151
4294967278,151
4294967279,150
4294967278,148
4294967278,150
119,5
4294967279,149
119,4
4294967278,149
119,3
119,2
119,1
4294967278,294
4294967279,148
4294967279,288
4294967278,35
4294967278,370
4294967278,341
4294967279,146
4294967278,32
4294967278,144
4294967279,145
4294967279,528
4294967278,33
4294967278,369
4294967278,342
4294967279,144
118,5
4294967294,1413
4294967294,162
4294967294,1001
4294967294,188
4294967294,998
4294967294,173
4294967294,1008
4294967278,143
4294967279,142
4294967278,142
118,4
4294967279,141
118,3
118,2
118,1
4294967279,542
4294967279,140
4294967279,272
4294967279,555
4294967279,137
4294967279,136
4294967279,135
4294967279,134
4294967279,270
116,4
4294967279,282
116,3
116,2
116,1
4294967279,266
4294967279,279
4294967294,397
4294967294,402
4294967294,167
4294967294,1014
4294967294,411
4294967294,404
4294967294,401
4294967294,160
4294967294,180
4294967279,524
4294967279,522
4294967279,554
4294967279,276
4294967279,544
4294967279,273
4294967279,258
4294967279,259
4294967278,60
4294967278,59
4294967278,58
4294967278,57
4294967278,307
4294967278,56
4294967278,306
4294967278,55
4294967278,381
4294967278,54
4294967278,375
4294967278,53
4294967278,344
4294967278,52
4294967278,343
4294967278,51
4294967278,374
4294967278,50
4294967278,305
4294967278,49
4294967278,48
4294967278,47
4294967279,85
4294967279,310
4294967279,84
4294967279,308
4294967279,82
4294967279,81
4294967279,307
4294967279,80
4294967279,79
4294967279,76
4294967279,548
4294967279,75
4294967279,563
4294967279,72
4294967279,304
4294967279,71
4294967279,68
4294967279,66
4294967279,65
4294967279,64
4294967279,63
4294967279,62
4294967279,546
4294967279,61
4294967279,60
4294967279,58
4294967279,570
4294967279,56
4294967279,531
4294967279,54
4294967279,530
4294967279,53
4294967279,297
4294967279,51
4294967279,50
4294967279,49
4294967279,529
4294967279,48
4294967279,47
4294967279,46
4294967279,45
4294967279,42
4294967279,40
4294967279,39
4294967279,38
4294967279,34
4294967279,33
4294967279,32
4294967279,29
4294967279,28
4294967279,27
4294967279,26
4294967279,23
4294967279,22
4294967279,20
4294967279,17
4294967279,14
4294967279,12
4294967279,11
4294967279,10
4294967279,9
4294967279,573
4294967279,256
4294967279,254
4294967279,253
4294967278,258
4294967278,257
4294967278,337
4294967278,335
4294967278,334
4294967278,333
4294967278,332
4294967278,331
4294967278,254
4294967278,329
4294967278,253
4294967278,250
4294967278,248
4294967278,246
4294967278,244
4294967278,242
4294967278,240
4294967278,238
4294967278,237
4294967278,236
4294967278,234
4294967278,232
4294967278,230
4294967278,228
115,4
4294967278,226
115,3
115,2
